--- Terminal on /dev/ttyUSB0 | 115200 8-N-1
--- Available filters and text transformations: debug, default, direct, hexlify, log2file, nocontrol, printable, send_on_enter, time
--- More details at https://bit.ly/pio-monitor-filters
--- Quit: Ctrl+C | Menu: Ctrl+T | Help: Ctrl+T followed by Ctrl+H
int is x bytes: 2
long is x bytes: 4
.........................................................................Collecting Temperature '_'
############################################################--END OF COLLECTING TEMPERATURE--
VARIATION: 2.890
TATAL  TRIGGERRED total: 2.890	predicted: 2.89
Time		Temperature	frequency	magnitude
0.000,	14.142,		0.0167,		6.5929
1.000,	14.142,		0.0333,		3.9650
2.000,	14.142,		0.0500,		0.5816
3.000,	14.142,		0.0667,		0.4334
4.000,	14.068,		0.0833,		0.5234
5.000,	14.142,		0.1000,		0.7409
6.000,	14.291,		0.1167,		1.0864
7.000,	14.142,		0.1333,		0.7209
8.000,	14.142,		0.1500,		0.6534
9.000,	14.068,		0.1667,		0.1279
10.000,	14.068,		0.1833,		0.2403
11.000,	14.068,		0.2000,		0.4719
12.000,	14.142,		0.2167,		0.1722
13.000,	14.142,		0.2333,		0.3368
14.000,	14.216,		0.2500,		0.7334
15.000,	14.216,		0.2667,		0.4463
16.000,	14.291,		0.2833,		0.5089
17.000,	14.291,		0.3000,		0.2381
18.000,	14.365,		0.3167,		0.2972
19.000,	14.291,		0.3333,		0.4130
20.000,	14.365,		0.3500,		0.3081
21.000,	14.291,		0.3667,		0.4532
22.000,	14.291,		0.3833,		0.0925
23.000,	14.365,		0.4000,		0.5211
24.000,	14.291,		0.4167,		0.5570
25.000,	14.291,		0.4333,		0.4721
26.000,	14.365,		0.4500,		0.2876
27.000,	14.365,		0.4667,		0.4622
28.000,	14.291,		0.4833,		0.3594
29.000,	14.365,		
30.000,	14.291,		
31.000,	14.439,		
32.000,	14.365,		
33.000,	14.365,		
34.000,	14.365,		
35.000,	14.365,		
36.000,	14.365,		
37.000,	14.439,		
38.000,	14.439,		
39.000,	14.439,		
40.000,	14.513,		
41.000,	14.513,		
42.000,	14.587,		
43.000,	14.587,		
44.000,	14.587,		
45.000,	14.587,		
46.000,	14.661,		
47.000,	14.735,		
48.000,	14.661,		
49.000,	14.735,		
50.000,	14.735,		
51.000,	14.809,		
52.000,	14.661,		
53.000,	14.587,		
54.000,	14.587,		
55.000,	14.439,		
56.000,	14.513,		
57.000,	14.439,		
58.000,	14.513,		
59.000,	14.513,		
Dominant Frequency: 0.017
stablecount: 0
variation History: 2.890	0.000	0.000	0.000	0.000	0.000	0.000	0.000	0.000	0.000	
Mode: 0
SAMPLE_RATE: 1.00
---END OF DATA TRANSMISSION---
.......................................................Collecting Temperature '_'
#############################################--END OF COLLECTING TEMPERATURE--
VARIATION: 1.698
TATAL  TRIGGERRED total: 1.698	predicted: 2.29
Time		Temperature	frequency	magnitude
0.000,	14.513,		0.0167,		3.6349
1.333,	14.513,		0.0333,		2.1456
2.667,	14.587,		0.0500,		1.4278
4.000,	14.587,		0.0667,		0.6343
5.333,	14.513,		0.0833,		0.6784
6.667,	14.513,		0.1000,		0.6720
8.000,	14.587,		0.1167,		0.4262
9.333,	14.587,		0.1333,		0.6136
10.667,	14.587,		0.1500,		0.4486
12.000,	14.661,		0.1667,		0.5781
13.333,	14.735,		0.1833,		0.7644
14.667,	14.735,		0.2000,		0.5089
16.000,	14.809,		0.2167,		0.2040
17.333,	14.809,		0.2333,		0.5971
18.667,	14.883,		0.2500,		0.5572
20.000,	14.883,		0.2667,		0.3814
21.333,	14.809,		0.2833,		0.3124
22.667,	14.809,		0.3000,		0.0777
24.000,	14.809,		0.3167,		0.3486
25.333,	14.809,		0.3333,		0.4688
26.667,	14.809,		0.3500,		0.4307
28.000,	14.809,		
29.333,	14.735,		
30.667,	14.809,		
32.000,	14.809,		
33.333,	14.883,		
34.667,	14.883,		
36.000,	14.883,		
37.333,	14.956,		
38.667,	14.956,		
40.000,	14.956,		
41.333,	15.030,		
42.667,	15.030,		
44.000,	14.956,		
45.333,	14.956,		
46.667,	15.104,		
48.000,	14.883,		
49.333,	14.883,		
50.667,	14.956,		
52.000,	14.883,		
53.333,	14.883,		
54.667,	14.883,		
56.000,	14.956,		
57.333,	14.956,		
58.667,	15.030,		
Dominant Frequency: 0.017
stablecount: 0
variation History: 2.890	1.698	0.000	0.000	0.000	0.000	0.000	0.000	0.000	0.000	
Mode: 0
SAMPLE_RATE: 0.75
---END OF DATA TRANSMISSION---
........................................Collecting Temperature '_'
################################--END OF COLLECTING TEMPERATURE--
VARIATION: 1.405
TATAL  TRIGGERRED total: 1.405	predicted: 2.00
Time		Temperature	frequency	magnitude
0.000,	15.030,		0.0167,		4.7628
1.875,	14.956,		0.0333,		1.6067
3.750,	14.956,		0.0500,		0.8870
5.625,	14.956,		0.0667,		0.8605
7.500,	14.956,		0.0833,		0.7167
9.375,	14.883,		0.1000,		0.7773
11.250,	14.956,		0.1167,		0.3938
13.125,	14.956,		0.1333,		0.4496
15.000,	14.883,		0.1500,		0.5225
16.875,	14.735,		0.1667,		0.6285
18.750,	14.735,		0.1833,		0.5124
20.625,	14.809,		0.2000,		0.5256
22.500,	14.661,		0.2167,		0.1921
24.375,	14.587,		0.2333,		0.1479
26.250,	14.587,		0.2500,		0.5049
28.125,	14.513,		
30.000,	14.513,		
31.875,	14.513,		
33.750,	14.439,		
35.625,	14.439,		
37.500,	14.439,		
39.375,	14.365,		
41.250,	14.365,		
43.125,	14.365,		
45.000,	14.439,		
46.875,	14.291,		
48.750,	14.439,		
50.625,	14.365,		
52.500,	14.365,		
54.375,	14.365,		
56.250,	14.365,		
58.125,	14.365,		
Dominant Frequency: 0.017
stablecount: 0
variation History: 2.890	1.698	1.405	0.000	0.000	0.000	0.000	0.000	0.000	0.000	
Mode: 0
SAMPLE_RATE: 0.53
---END OF DATA TRANSMISSION---
........................................Collecting Temperature '_'
################################--END OF COLLECTING TEMPERATURE--
VARIATION: 1.186
PREDICTED TRIGGERED
Time		Temperature	frequency	magnitude
0.000,	14.513,		0.0167,		1.8704
1.875,	14.439,		0.0333,		1.6322
3.750,	14.513,		0.0500,		1.1570
5.625,	14.513,		0.0667,		0.6036
7.500,	14.513,		0.0833,		0.6268
9.375,	14.513,		0.1000,		0.2588
11.250,	14.439,		0.1167,		0.2853
13.125,	14.439,		0.1333,		0.3059
15.000,	14.365,		0.1500,		0.3704
16.875,	14.365,		0.1667,		0.2279
18.750,	14.291,		0.1833,		0.4446
20.625,	14.291,		0.2000,		0.1461
22.500,	14.291,		0.2167,		0.2146
24.375,	14.365,		0.2333,		0.3144
26.250,	14.439,		0.2500,		0.5001
28.125,	14.439,		
30.000,	14.365,		
31.875,	14.439,		
33.750,	14.365,		
35.625,	14.291,		
37.500,	14.291,		
39.375,	14.291,		
41.250,	14.216,		
43.125,	14.216,		
45.000,	14.216,		
46.875,	14.216,		
48.750,	14.291,		
50.625,	14.142,		
52.500,	14.142,		
54.375,	14.068,		
56.250,	14.068,		
58.125,	14.068,		
Dominant Frequency: 0.017
stablecount: 0
variation History: 2.890	1.698	1.405	1.186	0.000	0.000	0.000	0.000	0.000	0.000	
Mode: 0
SAMPLE_RATE: 0.53
---END OF DATA TRANSMISSION---
........................................Collecting Temperature '_'
################################--END OF COLLECTING TEMPERATURE--
VARIATION: 1.486
TATAL  TRIGGERRED total: 1.486	predicted: 1.73
Time		Temperature	frequency	magnitude
0.000,	13.994,		0.0167,		1.1585
1.875,	13.994,		0.0333,		0.1714
3.750,	13.919,		0.0500,		0.9359
5.625,	14.068,		0.0667,		0.8968
7.500,	14.142,		0.0833,		0.3158
9.375,	14.068,		0.1000,		0.3787
11.250,	14.142,		0.1167,		0.2571
13.125,	14.142,		0.1333,		0.3717
15.000,	14.068,		0.1500,		0.3698
16.875,	14.068,		0.1667,		0.1945
18.750,	14.068,		0.1833,		0.0121
20.625,	14.216,		0.2000,		0.1542
22.500,	14.068,		0.2167,		0.4066
24.375,	14.068,		0.2333,		0.3473
26.250,	14.142,		0.2500,		0.3098
28.125,	14.142,		
30.000,	14.142,		
31.875,	14.142,		
33.750,	14.216,		
35.625,	14.216,		
37.500,	14.291,		
39.375,	14.291,		
41.250,	14.216,		
43.125,	14.142,		
45.000,	14.142,		
46.875,	14.142,		
48.750,	14.142,		
50.625,	14.216,		
52.500,	14.216,		
54.375,	14.291,		
56.250,	14.216,		
58.125,	14.291,		
Dominant Frequency: 0.017
stablecount: 0
variation History: 2.890	1.698	1.405	1.186	1.486	0.000	0.000	0.000	0.000	0.000	
Mode: 0
SAMPLE_RATE: 0.53
---END OF DATA TRANSMISSION---
........................................Collecting Temperature '_'
################################--END OF COLLECTING TEMPERATURE--
VARIATION: 0.891
PREDICTED TRIGGERED
Time		Temperature	frequency	magnitude
0.000,	14.216,		0.0167,		1.7639
1.875,	14.216,		0.0333,		1.1323
3.750,	14.216,		0.0500,		0.3147
5.625,	14.216,		0.0667,		0.5732
7.500,	14.216,		0.0833,		0.2439
9.375,	14.291,		0.1000,		0.4425
11.250,	14.216,		0.1167,		0.2308
13.125,	14.291,		0.1333,		0.2345
15.000,	14.291,		0.1500,		0.2079
16.875,	14.291,		0.1667,		0.3137
18.750,	14.216,		0.1833,		0.3763
20.625,	14.216,		0.2000,		0.0406
22.500,	14.142,		0.2167,		0.2034
24.375,	14.142,		0.2333,		0.1007
26.250,	14.142,		0.2500,		0.2488
28.125,	14.142,		
30.000,	14.142,		
31.875,	14.068,		
33.750,	14.068,		
35.625,	14.142,		
37.500,	14.142,		
39.375,	14.216,		
41.250,	14.291,		
43.125,	14.291,		
45.000,	14.365,		
46.875,	14.365,		
48.750,	14.365,		
50.625,	14.365,		
52.500,	14.365,		
54.375,	14.365,		
56.250,	14.439,		
58.125,	14.513,		
Dominant Frequency: 0.017
stablecount: 0
variation History: 2.890	1.698	1.405	1.186	1.486	0.891	0.000	0.000	0.000	0.000	
Mode: 0
SAMPLE_RATE: 0.53
---END OF DATA TRANSMISSION---
........................................Collecting Temperature '_'
################################--END OF COLLECTING TEMPERATURE--
VARIATION: 1.256
PREDICTED TRIGGERED
Time		Temperature	frequency	magnitude
0.000,	14.513,		0.0167,		1.6804
1.875,	14.439,		0.0333,		1.0404
3.750,	14.513,		0.0500,		1.0403
5.625,	14.513,		0.0667,		0.8622
7.500,	14.587,		0.0833,		0.6470
9.375,	14.661,		0.1000,		0.4052
11.250,	14.735,		0.1167,		0.3622
13.125,	14.735,		0.1333,		0.1654
15.000,	14.735,		0.1500,		0.5089
16.875,	14.809,		0.1667,		0.2591
18.750,	14.735,		0.1833,		0.2000
20.625,	14.809,		0.2000,		0.1802
22.500,	14.809,		0.2167,		0.0839
24.375,	14.883,		0.2333,		0.3257
26.250,	14.809,		0.2500,		0.0484
28.125,	14.883,		
30.000,	14.883,		
31.875,	14.883,		
33.750,	14.809,		
35.625,	14.809,		
37.500,	14.809,		
39.375,	14.735,		
41.250,	14.735,		
43.125,	14.735,		
45.000,	14.735,		
46.875,	14.735,		
48.750,	14.661,		
50.625,	14.735,		
52.500,	14.735,		
54.375,	14.809,		
56.250,	14.883,		
58.125,	14.883,		
Dominant Frequency: 0.017
stablecount: 0
variation History: 2.890	1.698	1.405	1.186	1.486	0.891	1.256	0.000	0.000	0.000	
Mode: 0
SAMPLE_RATE: 0.53
---END OF DATA TRANSMISSION---
........................................Collecting Temperature '_'
################################--END OF COLLECTING TEMPERATURE--
VARIATION: 1.845
TATAL  TRIGGERRED total: 1.845	predicted: 1.58
Time		Temperature	frequency	magnitude
0.000,	14.883,		0.0167,		2.5290
1.875,	14.883,		0.0333,		0.4648
3.750,	15.030,		0.0500,		0.9344
5.625,	14.809,		0.0667,		1.2980
7.500,	14.809,		0.0833,		0.7482
9.375,	14.809,		0.1000,		0.5407
11.250,	14.809,		0.1167,		0.1189
13.125,	14.883,		0.1333,		0.3304
15.000,	14.956,		0.1500,		0.1866
16.875,	15.030,		0.1667,		0.3713
18.750,	15.030,		0.1833,		0.3807
20.625,	15.104,		0.2000,		0.2851
22.500,	15.030,		0.2167,		0.2332
24.375,	15.030,		0.2333,		0.4290
26.250,	14.956,		0.2500,		0.3455
28.125,	14.809,		
30.000,	14.956,		
31.875,	14.956,		
33.750,	14.883,		
35.625,	14.956,		
37.500,	14.956,		
39.375,	14.883,		
41.250,	14.809,		
43.125,	14.809,		
45.000,	14.735,		
46.875,	14.735,		
48.750,	14.809,		
50.625,	14.735,		
52.500,	14.661,		
54.375,	14.587,		
56.250,	14.513,		
58.125,	14.513,		
Dominant Frequency: 0.017
stablecount: 0
variation History: 2.890	1.698	1.405	1.186	1.486	0.891	1.256	1.845	0.000	0.000	
Mode: 0
SAMPLE_RATE: 0.53
---END OF DATA TRANSMISSION---
........................................Collecting Temperature '_'
#############